10957.904 573.3431 22530.998 0.46513376 -0.010172998 1.0612459 4466.6665 433.18115 trance0
10630.417 628.5485 21561.578 0.4942741 -0.012340919 9.387779 4200.0 536.79376 trance1
10557.677 539.7142 21533.068 0.5133549 -0.04759116 -3.5514278 4000.0 519.1466 trance2
9300.335 742.49194 19802.875 0.45577073 0.004468348 -1.41563 3666.6667 564.9673 trance3
9616.598 563.69775 20888.082 0.49890232 -0.013398881 2.5479624 0.0 0.0 trance4
8777.052 719.25543 19118.389 0.47829327 0.085355595 -6.4062 4466.6665 430.03357 trance5
8111.76 503.6876 19546.473 0.4432396 0.008124373 4.235436 4266.6665 480.29187 trance6
8598.006 485.12634 18739.764 0.5021255 -0.009561905 5.9125824 4466.6665 440.55994 trance7
10189.193 656.0505 21576.854 0.45001304 -0.001969175 -3.221048 4800.0 418.26877 trance8
8433.094 328.81915 18130.082 0.5880011 0.011835841 1.2964981 5933.3335 362.75467 trance9
8656.77 539.2828 19081.715 0.49048123 0.04125644 6.1905165 0.0 0.0 trance10
9390.569 601.87823 20432.61 0.44801214 0.033456035 -0.9262884 4400.0 428.02118 trance11
9159.754 579.8484 21079.121 0.5259923 -0.21411459 -8.189063 0.0 0.0 trance12
9362.257 426.7183 21089.395 0.2949418 -0.04414235 0.4939326 4733.3335 423.73837 trance13
8087.9316 507.35153 17581.771 0.5665909 -0.038604252 1.5118545 4066.6667 515.5346 trance14
10110.741 751.92426 21702.104 0.47120178 -0.16365159 28.079231 0.0 0.0 trance15
9672.836 630.59406 21916.494 0.5187662 0.05377057 -3.2944257 3933.3333 553.7185 trance16
7821.694 644.66583 17219.99 0.36790982 0.113514654 4.56922 1533.3334 334.98654 trance17
7908.914 227.93259 18435.002 0.4254379 0.0029717963 0.22524616 4600.0 426.78278 trance18
10270.762 386.78494 20504.97 0.53151727 0.04594649 8.178294 4466.6665 440.40515 trance19
9299.826 481.466 19990.55 0.32828313 0.009251798 -0.8695728 5000.0 380.306 trance20
8939.162 389.66312 18852.902 0.6128911 0.06322983 3.480533 4666.6665 427.29877 trance21
8341.168 487.84045 19098.537 0.50859433 -0.016649991 4.9618664 4600.0 435.96756 trance22
9233.4 413.65527 20033.035 0.42561913 0.0392152 -1.545619 4600.0 427.86636 trance23
8425.944 686.129 19051.412 0.54481983 0.08517375 -6.3550363 4333.3335 505.6274 trance24
10607.131 606.3973 21920.822 0.48026463 -0.02171164 8.058722 4200.0 524.1518 trance25
9732.402 492.00214 21853.42 0.6093414 -0.021630174 -0.60231084 4000.0 553.77014 trance26
6886.4653 559.9631 16827.166 0.5832463 -0.0579249 -0.20408136 5200.0 389.66034 trance27
10169.532 407.6304 21684.025 0.4367511 0.014269856 1.7065803 4400.0 449.22873 trance28
7894.2603 483.45126 17839.541 0.36146033 0.031073466 1.1975809 4400.0 463.9863 trance29
7921.86 238.0304 18986.654 0.39565474 -0.02319864 -1.8747629 4533.3335 434.36795 trance30
5818.615 419.09555 14575.04 0.24625297 0.04477568 -1.8761457 4066.6667 453.40833 trance31
5441.261 535.6996 13494.589 0.34956983 -0.0696128 0.09453487 4133.3335 486.53546 trance32
8601.151 481.07034 19673.541 0.41795248 -0.032130346 1.644411 4466.6665 455.73032 trance33
9029.091 681.52344 20008.63 0.5200836 0.09831711 -0.58823377 4533.3335 452.8923 trance34
8880.365 570.7653 19806.486 0.52937365 -0.013101462 6.0822268 4200.0 473.2227 trance35
12469.525 321.90463 26797.69 0.5695795 -0.015566579 -0.09374864 4533.3335 440.19873 trance36
8455.458 578.9871 17869.621 0.33304587 0.020295227 2.6834393 4133.3335 443.96555 trance37
9410.279 550.59784 20555.395 0.48308584 -0.005780554 1.1692252 4666.6665 426.16357 trance38
8335.868 517.5613 19807.787 0.5264874 -0.079297066 17.109428 4333.3335 464.8119 trance39
9152.434 408.14807 20898.781 0.54685897 0.05144164 -0.99060386 4533.3335 446.39072 trance40
10826.636 527.47925 23230.424 0.5424169 0.006149242 2.036675 4666.6665 429.87875 trance41
8103.823 613.15247 18148.924 0.5021308 0.15160516 2.788429 5533.3335 370.4504 trance42
6108.724 535.41254 15335.925 0.44394338 0.06861168 9.618928 4600.0 437.36075 trance43
10701.148 532.60547 23784.97 0.49725416 -0.02037716 -1.1293472 4666.6665 421.82916 trance44
9781.984 604.6536 20573.719 0.4810017 0.0062847165 -7.040986 4800.0 413.6764 trance45
9130.11 499.45557 21345.08 0.619022 -0.017898459 -0.08618209 5533.3335 385.56918 trance46
8493.118 410.77307 17890.1 0.47440717 -0.15162635 -3.154933 4600.0 433.02637 trance47
7135.2744 478.71582 15577.792 0.5387465 0.017055549 -0.5069552 4733.3335 418.88797 trance48
7818.0845 438.39734 18362.754 0.54710597 -0.019939132 0.2907824 4466.6665 454.3887 trance49
8938.174 445.85114 18945.068 0.56308395 -0.04078967 -4.0044327 3933.3333 525.3902 trance50
9234.157 398.28888 20860.38 0.38604483 0.034887996 1.687908 4000.0 465.63748 trance51
2394.2524 338.64636 5089.1035 0.45214632 -3.944243704 0.31798163 4133.3335 508.517 trance52
8346.992 731.5283 19265.914 0.43213525 -0.054651186 10.004871 133.33333 120.74377 trance53
10169.384 710.1209 20951.537 0.4943089 0.048462328 -9.415384 3800.0 446.70032 trance54
7021.9526 508.74307 17732.795 0.5230619 0.16438678 0.35074818 4666.6665 429.51755 trance55
9521.692 588.4707 20447.863 0.45108944 -0.09969127 1.1586425 6200.0 335.1954 trance56
8304.344 384.3369 19401.482 0.5955293 0.004558027 -3.9158282 5133.3335 391.89386 trance57
6989.375 549.5518 15169.244 0.41141644 0.12222106 1.3911265 3666.6667 686.0206 trance58
9222.814 622.3306 19355.457 0.4870076 0.018324487 1.7742554 3866.6667 524.3066 trance59
7979.242 426.1892 19678.162 0.46736962 -0.011786856 -0.15101464 4600.0 429.87875 trance60
11424.188 531.4025 25088.492 0.48869047 0.045257013 3.1849005 0.0 0.0 trance61
7269.2427 428.24857 16045.982 0.56372356 -0.021498095 16.09027 0.0 0.0 trance62
7380.0415 571.5595 17248.32 0.49748686 0.007523772 -5.4087467 333.33334 243.80952 trance63
7913.34 538.5987 18102.18 0.48104405 -0.28286365 -1.8109692 4000.0 588.7548 trance64
9202.8545 535.09125 19763.285 0.4739701 -0.005508225 -2.7492971 4733.3335 420.2812 trance65
8254.199 486.05807 18921.092 0.49830395 0.030694274 -0.13511728 5466.6665 369.18008 trance66
8993.261 431.5936 20976.256 0.5803275 -0.038169555 1.0821862 4400.0 446.90674 trance67
8537.466 568.41895 17873.77 0.43392554 0.28221098 -2.6579576 5400.0 362.18707 trance68
11076.393 623.346 23085.479 0.44693738 0.09547988 -2.1663473 4266.6665 466.6179 trance69
10617.906 711.62006 21966.94 0.43337902 -0.023494948 -2.7613955 3533.3333 401.5504 trance70
9180.028 498.37933 19732.13 0.5155939 0.061532475 -1.4962088 4466.6665 445.20392 trance71
7534.9175 576.18353 17309.87 0.48784173 0.016555818 1.8230268 266.66666 61.14588 trance72
10040.444 642.3953 21980.375 0.48843524 -0.14686199 -9.123897 4666.6665 426.98917 trance73
8658.714 476.1023 19647.23 0.5388733 0.0020669112 0.5519096 533.3333 97.52381 trance74
10145.069 534.0617 20646.146 0.50739014 0.03786341 -3.040056 3666.6667 608.208 trance75
7409.8765 399.89978 17293.967 0.5780311 4.844198404 4.2422047 4466.6665 446.39072 trance76
9756.118 510.56024 20217.703 0.54425865 -0.003436648 -0.14201067 4666.6665 427.71158 trance77
10063.641 626.42566 20714.896 0.5105314 0.014341084 -0.08481474 5000.0 431.47836 trance78
8106.728 679.91534 18295.574 0.47018477 -0.26346368 -4.469823 4000.0 514.8638 trance79
10282.194 522.18365 22207.26 0.5463239 0.015590185 0.040934876 4533.3335 440.61154 trance80
9690.701 559.7761 20998.283 0.4563628 -0.01489757 0.2886922 4000.0 398.71243 trance81
8366.483 658.8365 19157.172 0.44462523 -0.055106647 -0.362793 4666.6665 426.06036 trance82
9261.82 534.63245 19596.74 0.43433034 0.024398362 1.5437119 4666.6665 422.75797 trance83
8130.371 513.4089 18160.564 0.50515413 0.043318458 5.0331383 4266.6665 474.20306 trance84
6830.5205 651.98236 16330.198 0.51532453 0.1448766 1.971068 2466.6667 786.27924 trance85
9523.8 658.25757 20593.39 0.3962732 -0.11594283 -1.0794734 7733.3335 246.19318 trance86
8938.463 488.60483 21628.219 0.5692093 -0.021947298 4.871871 4066.6667 514.8638 trance87
7301.366 579.14417 16283.161 0.3590264 0.027574895 -0.7475989 4200.0 480.60147 trance88
8922.205 582.51605 19807.205 0.49951464 -0.029617844 -4.4851065 4466.6665 447.55542 trance89
9678.191 469.72916 22407.855 0.5225307 -0.009209064 -6.992428 4666.6665 421.98398 trance90
8599.739 580.99524 18752.055 0.518744 0.024417192 0.78197384 4066.6667 630.654 trance91
8554.646 377.13297 19622.041 0.5094706 0.0056304755 0.053159174 4533.3335 436.84476 trance92
7128.7036 567.84717 17149.469 0.36997855 -0.13495268 16.816187 4000.0 518.11456 trance93
9700.4375 601.6443 21216.957 0.46821046 0.020220157 3.476432 4466.6665 467.5467 trance94
8727.436 598.63074 17957.592 0.45779157 -0.004415332 0.64361954 5133.3335 390.55963 trance95
10786.326 485.26926 23716.715 0.4725363 0.024566473 -1.881238 4933.3335 401.2408 trance96
8874.528 441.7926 19408.66 0.53271586 -0.048827384 -13.366097 5133.3335 384.60355 trance97
9521.345 506.47366 18563.73 0.4692539 0.0041417666 1.5638881 4666.6665 424.82196 trance98
9861.405 616.14514 22639.203 0.46627682 -0.05626774 10.482485 0.0 0.0 trance99
8649.208 494.82483 18040.719 0.38890857 0.5775233 7.9372606 5133.3335 404.66116 techno0
10944.998 340.09396 24167.88 0.43553433 -0.021371854 0.12024294 4266.6665 453.71793 techno1
11945.087 560.75214 26670.531 0.3641324 0.028555244 4.999402 4200.0 494.68823 techno2
13257.905 397.28992 25234.334 0.34468696 0.14832065 -0.57678604 6000.0 336.09595 techno3
7128.642 523.21313 14454.319 0.40905166 0.0071016913 0.08227195 4800.0 427.8295 techno4
8396.427 413.55545 18516.379 0.37944132 0.571387 0.9642283 4333.3335 461.7675 techno5
10200.364 464.94537 21094.732 0.41763648 -0.095614456 6.7393117 6133.3335 334.6622 techno6
10823.235 442.83798 20487.34 0.41182953 0.20144428 -0.28126043 3333.3333 613.5228 techno7
11766.491 350.44608 22691.174 0.4116535 0.023789104 -1.5665501 4133.3335 481.11746 techno8
11546.999 494.57465 22214.303 0.3734919 -0.0067373654 -0.14585708 3866.6667 521.36536 techno9
10517.1875 512.98096 20595.725 0.42549258 0.04616614 0.75672334 1600.0 1077.664 techno10
8962.241 466.14932 20063.158 0.41714105 -0.039810732 -1.1701317 5400.0 399.11786 techno11
9544.612 449.29214 21390.008 0.39338797 -0.003838628 3.2799902 5000.0 401.4988 techno12
7679.3945 393.6641 15839.555 0.43216133 -0.012562204 2.3412957 4533.3335 449.09604 techno13
9222.485 457.41748 22075.166 0.38592577 -0.0064488174 -1.3045067 5466.6665 375.89053 techno14
10157.01 358.5004 21070.732 0.44734484 -0.014119329 -0.44309166 4866.6665 413.5437 techno15
9331.349 473.88153 18849.336 0.43002495 -0.02860629 -1.5264626 1600.0 237.46274 techno16
9339.032 458.36438 18963.553 0.40272564 0.0029114876 2.2815025 4666.6665 421.93237 techno17
9450.278 478.78033 18732.406 0.42223212 0.15371491 -1.0490366 5333.3335 369.0351 techno18
9905.371 341.86685 21687.346 0.42403936 -0.09299515 -0.44825262 4800.0 411.76718 techno19
10154.8125 345.87164 25355.28 0.423258 -3.072062404 0.40068638 6266.6665 320.88748 techno20
6502.5728 408.6179 11684.028 0.4329843 0.004425981 2.0705886 3733.3333 540.9733 techno21
7880.5635 302.38397 17592.021 0.38065687 -0.0451162 0.37753856 4000.0 499.53864 techno22
8788.508 546.49927 18470.262 0.37719086 -0.081272595 -1.3599771 5066.6665 409.9096 techno23
6293.222 446.34924 12708.582 0.3941147 0.0383843 1.5788081 4933.3335 411.05954 techno24
10270.971 284.56915 21154.555 0.446352 -0.07932551 -1.4090426 4266.6665 451.3959 techno25
10520.121 546.4245 21953.258 0.40068814 -0.07884614 0.14490987 4800.0 432.25235 techno26
10249.222 468.8306 20939.717 0.39849833 -0.06461392 -4.022219 5000.0 419.30817 techno27
11773.231 385.3064 26015.832 0.40294352 -0.06224723 -0.65173095 5400.0 379.06024 techno28
11583.014 501.37296 23602.543 0.40448615 0.0052706474 1.2530487 6866.6665 291.10944 techno29
10013.984 604.6839 22171.416 0.3908535 0.06670552 0.09691301 6000.0 341.337 techno30
10668.697 481.60696 24367.129 0.37511206 0.014235934 -0.70762724 6866.6665 295.20917 techno31
8887.029 538.99677 19958.43 0.41288742 0.056499556 -1.0332593 4933.3335 400.46683 techno32
8577.204 445.8225 17432.541 0.4441885 -0.1453665 -0.06287263 2066.6667 1171.4725 techno33
8129.552 350.8963 15856.311 0.41755256 0.045082565 -2.5193837 4400.0 452.0151 techno34
9489.515 433.4908 19813.037 0.44610903 -0.023689076 3.5956855 800.0 820.9544 techno35
10184.353 519.05615 21330.14 0.38518265 -0.3561067 0.7785109 4533.3335 437.46396 techno36
8276.401 474.68878 21055.188 0.42760774 0.011052571 -0.050577294 4066.6667 483.80066 techno37
10272.42 457.09073 21058.71 0.39722905 -0.036001317 -1.2712867 3933.3333 507.1238 techno38
10126.824 397.51913 21596.703 0.4201202 -0.06794572 3.222532 5200.0 394.37802 techno39
10918.513 289.29742 23483.46 0.44943252 -0.028896583 0.2704619 4600.0 435.65796 techno40
9573.28 371.49094 19823.96 0.42067617 -0.17260465 -0.16560973 4533.3335 438.39273 techno41
10490.334 507.95227 19182.742 0.4121259 -0.070563644 0.7889188 5400.0 369.13095 techno42
10438.826 393.62585 21426.076 0.42003724 -0.025749922 -0.2848213 4200.0 468.57867 techno43
10476.282 367.17145 23159.768 0.3918896 0.015696552 -2.8697188 6000.0 340.27924 techno44
11027.1 379.97226 22729.889 0.39719653 0.09337008 -0.5372773 0.0 0.0 techno45
9382.331 430.02805 20721.088 0.42827708 0.033591494 2.2521486 6200.0 328.43704 techno46
4418.2188 382.36588 9160.472 0.4036477 0.013007431 0.44995475 4066.6667 523.73895 techno47
10691.06 588.3355 22474.227 0.4126617 -0.020284409 -0.6645054 5133.3335 385.65765 techno48
10088.907 499.69315 20464.395 0.4107494 -0.19410741 7.211467604 4333.3335 495.66864 techno49
12654.84 349.50986 27260.7 0.39322016 0.005367374 -0.01713865 6066.6665 339.72638 techno50
11704.227 599.0919 24600.361 0.38827884 0.0020352944 -1.3253843 4466.6665 441.38553 techno51
7838.829 377.15927 17063.762 0.39015573 -0.282627 0.8949348 5200.0 388.65045 techno52
10136.663 486.89893 20705.207 0.39842036 -0.10202887 -1.0947187 4400.0 471.67468 techno53
9964.937 487.06543 21171.041 0.42049202 -0.041921217 -1.59731 4333.3335 486.48386 techno54
8191.425 433.5963 17467.24 0.41802457 0.1774711 -3.34708 4666.6665 426.42157 techno55
10938.422 449.76807 22262.887 0.3887961 -0.011216558 4.1463113 4000.0 552.3253 techno56
8963.431 411.28494 18681.062 0.43131927 -0.10606196 -1.3331256 4400.0 458.9811 techno57
9629.442 493.54236 19687.314 0.39643735 -0.03502429 -1.734729 3933.3333 604.8024 techno58
10175.694 614.48157 21614.29 0.40727875 -0.30105639 -1.6725296 3800.0 547.62976 techno59
10612.928 471.43777 21604.396 0.3843749 0.112090714 -0.075138114 7133.3335 282.86697 techno60
9300.827 391.62637 21605.564 0.41200206 -0.051794343 0.30482364 3733.3333 544.9981 techno61
9858.84 489.89514 19871.154 0.4231779 0.021276511 -0.25966913 4600.0 435.96756 techno62
8776.998 580.95465 18182.008 0.3767612 0.055044893 0.3303814 6000.0 339.75952 techno63
7135.2227 359.52826 16330.176 0.42089352 0.073648214 0.00484806 4266.6665 467.5983 techno64
6122.0415 618.572 13114.124 0.3584936 -0.14618127 0.90000904 4333.3335 462.3867 techno65
10398.278 492.85077 20929.533 0.44701028 0.052512623 -4.2679296 66.666664 145.51172 techno66
10113.36 356.53998 20337.729 0.4205364 -0.010561465 1.0359908 5933.3335 342.84448 techno67
9492.649 425.5582 19396.639 0.4445298 -0.0887956 0.132592 4600.0 430.18835 techno68
10273.436 381.0665 21680.615 0.41496053 -0.05594243 -1.413455 4400.0 462.8511 techno69
9238.089 371.2299 19388.205 0.41761118 0.022646582 0.34863508 4533.3335 455.1111 techno70
9520.597 387.4138 20406.883 0.41133925 -0.3112849 -0.29265556 4266.6665 458.8263 techno71
10941.092 595.6997 22287.156 0.38754052 -0.0051972526 -0.07404501 6533.3335 307.8708 techno72
11008.083 539.2497 23425.03 0.39344338 0.22892904 -0.5610498 5333.3335 376.2296 techno73
9976.027 636.7253 19192.88 0.3475896 0.09653713 -3.8245447 5133.3335 398.16693 techno74
9871.502 347.6552 20779.295 0.41701335 -0.016578706 1.3278226 4466.6665 480.44666 techno75
9552.313 500.7354 19668.473 0.41631612 -0.05396258 -0.8009889 3133.3333 834.52515 techno76
9692.222 268.30966 20113.852 0.43648925 0.0042782985 0.5172364 4466.6665 438.70233 techno77
10855.569 443.29874 23111.855 0.39000556 0.08840686 -1.4696083 4066.6667 516.5666 techno78
10719.68 374.6689 21361.027 0.41572982 0.07977163 -0.28886878 4466.6665 441.33392 techno79
9420.831 343.17105 19477.006 0.40362063 0.16586009 -1.9169997 4466.6665 441.95312 techno80
8053.0806 576.09766 17706.35 0.43402517 -0.007753116 0.7905917 2733.3333 639.21954 techno81
9110.424 478.48 18842.697 0.41846082 -0.23438711 -0.11042331 6533.3335 302.7538 techno82
12511.585 427.8631 27768.725 0.3904485 -0.06889527 0.70162773 7866.6665 254.54721 techno83
11602.919 347.95633 22095.826 0.45550877 -0.008791806 -0.11524059 2800.0 645.8759 techno84
9769.001 483.58014 19225.404 0.4085141 -0.10599892 0.23659226 5466.6665 368.2685 techno85
11052.182 434.004 23727.75 0.4385687 -0.03796123 1.176794 3733.3333 594.68884 techno86
9248.98 498.22617 19572.516 0.4278146 0.03919315 1.5841984 4600.0 431.73636 techno87
9452.907 616.08887 18776.033 0.45285076 0.007603066 -0.15589377 5600.0 358.22125 techno88
9619.968 493.93597 20957.145 0.3920749 -0.028254125 0.2628896 3200.0 669.4571 techno89
10986.285 487.391 22108.453 0.39656803 0.009350047 -2.0715885 6000.0 347.57693 techno90
8870.202 431.07404 18465.148 0.40041566 -0.049498685 1.3649222 1333.3334 1490.4115 techno91
9075.215 605.0947 21624.988 0.39641228 0.2853158 3.0349798 4533.3335 437.92834 techno92
10079.832 402.54025 20398.336 0.41526997 0.23962826 -1.006641 4200.0 481.63345 techno93
7832.099 394.05692 15167.248 0.43368512 -0.013820643 -0.23581167 4533.3335 457.1751 techno94
9375.514 590.8357 18712.42 0.40890294 0.026458563 -0.03722512 4800.0 415.4824 techno95
6910.074 478.57693 13659.139 0.44556257 -0.071542 -1.8237851 3266.6667 624.25555 techno96
8547.309 524.4095 17459.031 0.4155972 -0.064803176 0.43703306 4600.0 428.94995 techno97
9442.954 459.18878 19189.09 0.4105032 -0.15804625 2.2799554 4266.6665 476.88626 techno98
11226.108 362.6079 24519.635 0.43274206 0.02051976 1.0940754 4266.6665 464.1927 techno99
9600.932 588.6733 20307.965 0.3799895 0.23449297 1.8090059 6000.0 341.8862 house0
9764.405 764.5985 21915.44 0.3892548 0.008584619 -0.0079777865 2933.3333 785.6601 house1
9164.228 654.4991 20651.756 0.37879884 -0.026545936 0.304783 4466.6665 451.96353 house2
9389.877 666.484 21423.047 0.38720575 -0.13964097 -1.8248694 2600.0 759.29254 house3
9673.335 640.5787 21039.219 0.5545285 0.15404077 -2.3254178 4400.0 459.8583 house4
10772.931 576.1078 24121.56 0.37231225 -0.24909684 -1.0633763 4200.0 476.47348 house5
11360.808 514.45355 24565.84 0.38670656 -0.18225619 -8.05283 4733.3335 427.14395 house6
11054.285 633.2478 25390.271 0.4397011 -0.02120431 0.5098783 4066.6667 487.25784 house7
11170.661 224.18126 23181.055 0.41686413 0.0891864 -0.23173012 6400.0 311.99512 house8
6238.0366 321.80734 14088.098 0.40334585 0.013165514 0.74421614 4333.3335 456.1947 house9
9749.241 485.8334 20505.822 0.39022171 -0.17794631 -0.34105864 4866.6665 411.95886 house10
9622.127 582.16 20132.22 0.4037419 0.021036629 -0.3478462 4800.0 427.40198 house11
6579.9473 792.95544 13424.247 0.40465948 -0.077938534 -0.88112056 2200.0 819.3548 house12
8714.999 670.4719 18186.227 0.3174102 -0.010970417 1.1446667 4266.6665 479.87906 house13
8472.724 517.4158 19767.166 0.30629843 -0.02066012 0.0032225866 4000.0 493.24344 house14
7714.19 612.15027 18264.307 0.27992588 -0.050541487 -8.081536 4200.0 489.78625 house15
6823.8247 632.7258 15691.492 0.29774156 -0.048984174 -7.637277 3733.3333 544.89496 house16
7501.6704 591.1402 17681.766 0.31907424 -0.32253268 -0.34204358 2733.3333 622.4496 house17
8448.621 417.50516 19381.273 0.40443194 0.042042498 -5.5960875 3333.3333 667.3415 house18
7789.759 440.0699 17318.908 0.3931664 0.043631226 -1.8394772 4600.0 438.90875 house19
5642.7236 416.9634 13624.147 0.35687622 -0.042371046 -0.18845306 4600.0 433.74875 house20
14398.056 571.2171 24418.182 0.18412912 0.024742952 -0.12414701 4800.0 407.14902 house21
8402.785 538.939 17396.002 0.37846923 -0.15509951 0.7238065 4333.3335 451.3959 house22
8316.078 594.9625 19898.094 0.4535067 -0.0054990556 5.3653164 4066.6667 484.52304 house23
5869.606 702.55444 12186.268 0.2075654 0.042374842 -0.018845467 733.3333 416.9272 house24
8320.757 398.54602 18200.402 0.37201813 -0.24569237 -2.0500233 4200.0 456.8139 house25
11857.44 562.29596 23948.264 0.23006997 -0.05964725 -0.4048423 3133.3333 666.8771 house26
8963.246 577.1976 18252.844 0.2221231 0.100008324 -0.34441987 4000.0 496.90704 house27
7096.971 798.63007 16385.443 0.4038844 -0.17674425 0.9095356 4400.0 492.31464 house28
8754.358 588.5705 19298.438 0.40293822 0.080314904 4.1203446 4800.0 425.80237 house29
7340.69 641.6944 19277.734 0.45376655 0.0013575756 -3.97419 4066.6667 498.30023 house30
8812.978 692.3656 19445.244 0.36459342 -0.2226735 -1.6840475 3666.6667 572.9653 house31
9151.137 669.1118 18603.273 0.35826415 0.03333973 -1.4349197 4666.6665 428.94995 house32
7305.804 719.5707 15192.28 0.3538433 -0.0015423654 -2.6622062 1400.0 246.64752 house33
9528.8545 722.22327 20722.523 0.37688968 0.14894849 1.1676698 3866.6667 510.323 house34
8528.3 810.0558 19614.303 0.4027688 -0.23353803 1.7900394 3666.6667 547.88776 house35
11609.756 610.82947 26077.36 0.4066959 -0.08491916 -2.3824952 4466.6665 451.4475 house36
9999.898 625.8485 21976.383 0.39274505 0.014884169 -2.2338996 4200.0 480.60147 house37
11326.873 600.5628 24591.838 0.38752934 0.0017616797 -0.3751852 5066.6665 398.90408 house38
7954.469 610.0919 17334.049 0.41829512 0.010432549 -1.5567148 3533.3333 559.4461 house39
9606.361 719.2085 20777.12 0.38421604 -0.014308471 -4.98514 4000.0 500.10623 house40
10792.189 536.0987 23207.566 0.3864151 0.0038934362 -1.378855 3333.3333 613.7808 house41
10868.752 480.3204 21903.955 0.36737132 -0.20155203 -1.5696527 6266.6665 317.26566 house42
10717.785 585.2627 21374.822 0.4068221 0.034162562 1.1502475 4666.6665 428.53717 house43
11052.057 419.44653 22853.615 0.3971886 -0.0775652 -1.0739452 4666.6665 435.76114 house44
9323.694 905.4919 20828.754 0.43105632 0.020837212 -0.57460713 3400.0 653.3579 house45
6984.2227 606.4582 15358.669 0.397863 0.03549199 0.43650714 3600.0 562.5421 house46
10801.729 422.1608 22684.176 0.38966572 0.28237075 -1.7609724 6266.6665 324.0695 house47
10510.264 745.7807 22805.053 0.40995637 -0.07065351 -1.1105933 4666.6665 432.56195 house48
9310.249 498.3116 21296.832 0.41277754 -0.11811708 -3.7692883 4400.0 461.7159 house49
9847.218 768.8698 23451.363 0.3931804 0.110817805 -3.9314039 4000.0 495.56543 house50
9840.829 529.3446 19897.914 0.3948467 -4.722948505 0.86838883 6733.3335 296.22397 house51
7548.9536 716.0608 17510.71 0.37420806 -0.023678632 -1.6999189 4533.3335 445.15234 house52
10265.528 554.757 21791.623 0.3851403 0.1648611 -2.872949 4133.3335 481.89145 house53
10031.016 579.1661 21601.93 0.3968372 -0.049979012 2.9554384 6933.3335 290.66223 house54
10265.646 642.2747 22290.768 0.39416447 -0.018886033 -1.4537625 4200.0 476.52505 house55
8759.074 584.9624 20506.428 0.5006528 -6.217395404 -1.7247261 4000.0 491.69543 house56
8145.4053 594.25995 20845.441 0.20478949 -0.07876763 0.08857467 2866.6667 678.7967 house57
8341.098 201.11594 19788.027 0.41315597 -0.013934372 1.3264128 3733.3333 515.8442 house58
8861.536 417.37048 18580.35 0.511041 -0.057743125 0.076545626 4866.6665 428.79517 house59
14070.292 729.532 27485.475 0.20579226 -0.008264004 0.39466593 3066.6667 767.3421 house60
4636.2334 665.0805 10678.518 0.37751865 -0.45582938 1.8724953 4600.0 446.59714 house61
12656.832 321.64188 29634.89 0.39644307 -0.0139767155 1.5738218 5066.6665 393.5377 house62
7518.9795 732.2502 16760.3 0.249085 0.0068880455 0.017712582 2600.0 739.4266 house63
9428.516 712.94836 21871.611 0.3667305 0.012943264 8.398164 4066.6667 471.1071 house64
9835.47 407.18045 19982.746 0.3871586 -0.014640819 -0.9585072 5666.6665 360.2189 house65
7258.0317 450.39517 14185.872 0.19549932 -0.15898232 0.18183333 4600.0 433.33597 house66
6916.495 638.4091 17358.879 0.40311706 -0.048243333 4.7262845 4466.6665 450.8283 house67
9087.11 569.6728 20993.932 0.2785977 -4.86735709 5.420578406 4333.3335 455.73032 house68
12220.882 520.12976 24902.723 0.20482694 -0.10657394 -0.5644123 3933.3333 510.1166 house69
10449.653 602.8108 22539.342 0.4095704 -0.2873788 -0.26272354 4800.0 400.20883 house70
7777.674 484.85013 18302.998 0.4716183 -9.96425704 -0.003525895 4333.3335 458.6715 house71
7361.7915 595.27905 16800.004 0.4623751 0.008016046 5.459224 4333.3335 491.17944 house72
9567.161 609.5017 21494.174 0.42219347 0.032436024 -3.2335274 4200.0 466.9275 house73
8370.795 695.70557 19050.066 0.37103537 0.28232083 9.500204 4200.0 478.22787 house74
11560.281 443.21295 21557.158 0.4147673 -0.050653912 -0.06515429 4066.6667 485.60666 house75
10519.382 492.83566 22073.26 0.4255031 0.13409218 -0.2443919 4733.3335 432.09756 house76
10804.42 602.84686 23506.049 0.4075957 -0.17036241 -0.16270307 4400.0 462.7995 house77
7724.808 754.59406 17856.363 0.3625649 0.044125058 3.4658523 3933.3333 516.1022 house78
11256.105 692.83484 23082.002 0.4010671 -0.0025330635 2.8438723 3666.6667 534.83295 house79
8172.885 599.1444 18157.783 0.33089435 -0.19628085 -2.3335328 5600.0 360.32208 house80
9488.296 554.1038 21461.92 0.3899609 -0.20374717 2.31755 4533.3335 446.64874 house81
9042.733 530.87604 19660.06 0.39209914 0.0036216571 -18.473013 4400.0 451.3959 house82
10327.402 611.13196 21625.213 0.3852211 -0.0656158 3.3903584 3933.3333 508.6718 house83
9618.045 476.74615 19982.387 0.33605883 0.08785373 -5.997023 4000.0 514.193 house84
11761.525 707.51764 22834.078 0.21750775 0.10323377 -0.5696397 0.0 0.0 house85
7794.5054 521.22577 17299.686 0.39675796 0.11797896 0.7934387 5800.0 337.15375 house86
9152.109 549.1242 19870.795 0.33014467 -0.120283015 -5.7188096 3800.0 500.72543 house87
6795.4097 659.00415 15507.181 0.35109922 -0.040320955 -0.44938648 6266.6665 316.80862 house88
8715.84 328.64212 17586.996 0.40977722 -0.032934565 0.8422852 4066.6667 488.65103 house89
7378.5503 667.8305 14973.314 0.38727 0.028760683 2.3666768 4466.6665 450.62192 house90
8641.787 266.74982 19040.354 0.26063916 -0.03563046 6.2974153 4266.6665 457.27832 house91
7771.6367 578.25903 15484.594 0.12064632 0.010182101 0.1050788 133.33333 414.8632 house92
6326.8906 527.0892 15720.046 0.20466647 0.03427553 -0.7865386 3466.6667 580.24084 house93
8832.427 362.6893 19564.688 0.20484163 2.03154804 0.020348439 133.33333 126.93575 house94
7201.908 283.80667 16152.706 0.25225055 3.405613505 0.06128712 4400.0 448.4547 house95
8426.316 351.8047 17508.334 0.15340339 4.602649404 -0.010887616 4133.3335 484.31665 house96
8515.386 585.69226 16479.316 0.53897405 0.1787088 -5.3206882 1933.3334 179.26665 house97
7707.695 274.15588 16959.865 0.23248227 1.543761604 0.047807347 3866.6667 491.02463 house98
9536.761 523.3843 19700.436 0.41947246 0.04927994 -1.372961 4133.3335 476.37027 house99
6535.333 748.8421 14827.854 0.22634149 -0.1730822 -2.2212842 2133.3333 1162.0298 idm0
12969.609 671.6755 28680.186 0.35275567 0.008495737 -15.133985 2533.3333 884.1127 idm1
9410.359 811.2151 19675.404 0.28082037 -0.013373305 3.99296 0.0 0.0 idm2
15704.497 923.3013 26252.115 0.10337453 -0.0064302 -0.1064265 0.0 0.0 idm3
11023.587 802.0197 23626.746 0.37745768 0.113291875 -1.5608746 2600.0 783.6993 idm4
8475.834 967.48737 17109.342 0.38413697 -0.1657418 -7.3940697 1933.3334 1192.9896 idm5
10112.104 678.888 24046.352 0.30006376 0.0069256686 -0.68002754 4200.0 494.27542 idm6
10544.409 741.9567 20394.434 0.3359223 0.21488862 0.38887164 3600.0 609.498 idm7
9285.907 904.05695 19312.973 0.38767448 0.24049748 -0.89816856 0.0 0.0 idm8
8069.5 792.7771 17162.412 0.38032842 -0.05889039 -1.1834595 3533.3333 579.20886 idm9
9397.758 769.0138 24965.977 0.20456511 0.091343045 4.2824683 66.666664 188.85564 idm10
12667.919 764.03845 28295.57 0.27697513 0.038843565 -0.21790707 3000.0 702.6358 idm11
7972.875 757.5207 19729.305 0.3700665 0.095188625 8.255718 0.0 0.0 idm12
12801.867 630.9597 30605.32 0.3528191 4.362485504 0.60712093 0.0 0.0 idm13
10884.688 845.19104 25034.3 0.31612346 -0.041026283 -2.805533 3533.3333 598.4114 idm14
9639.227 595.0681 20913.877 0.24075505 0.028626205 -1.0275247 2800.0 747.42456 idm15
7762.2495 822.1197 18077.82 0.32034612 -0.03903688 2.8190076 200.0 277.09146 idm16
12998.577 697.95984 29000.268 0.21820432 0.023955235 0.3720748 4133.3335 455.16272 idm17
9517.171 706.6798 25316.229 0.28747377 0.008901622 -2.4641662 3600.0 597.16565 idm18
10991.542 730.08905 25775.49 0.28900853 -0.008435608 -2.6278288 4600.0 470.43628 idm19
10317.586 847.8385 23948.668 0.22269975 -0.049305473 -1.1899095 533.3333 222.91156 idm20
8274.607 674.89294 21308.271 0.5079609 0.09218575 -0.2669508 3533.3333 586.79407 idm21
11262.142 660.6006 25048.072 0.21075533 -0.07011608 -1.0702009 3866.6667 498.14542 idm22
11313.375 686.2163 22231.73 0.21516635 -0.042469893 -0.35528678 3400.0 614.8128 idm23
10330.1045 705.3076 21001.31 0.28351945 -0.054551058 -0.26598212 1800.0 1042.5759 idm24
11619.449 690.2597 27266.373 0.29610065 -0.041987743 1.1346017 7466.6665 265.20135 idm25
8037.491 601.01556 18433.207 0.2266248 -0.023500161 -1.286462 4000.0 560.6845 idm26
5698.9854 592.93756 12058.414 0.20811035 -0.015272248 -4.028565 3533.3333 639.06476 idm27
8562.248 727.90326 20341.07 0.2399744 0.005087591 0.17764135 2600.0 847.21875 idm28
7989.651 808.98505 21525.824 0.26421362 -0.0055199787 0.70171225 3266.6667 624.10077 idm29
7426.4795 799.8486 19284.553 0.27458322 -0.0042774477 -0.77206457 3466.6667 603.9768 idm30
11438.386 774.1754 26303.682 0.2867807 -0.1924901 1.5121939 4133.3335 531.5379 idm31
4667.382 716.82056 10237.468 0.29570505 -0.06928854 -0.007830474 4266.6665 484.47147 idm32
14127.478 637.1293 31073.152 0.18227804 0.009578765 -0.14074664 2600.0 813.7304 idm33
9693.101 782.61395 19959.62 0.24642348 -0.015467684 -0.303044 2866.6667 789.63324 idm34
6489.6006 782.90656 15221.418 0.2476597 0.0045196814 0.043491516 4400.0 468.06268 idm35
11295.0205 536.45154 25517.002 0.3052405 -0.053733066 -0.8002161 5533.3335 361.9143 idm36
7315.188 853.2914 16497.686 0.27759016 0.06598286 0.6038793 400.0 1074.3099 idm37
7898.3433 861.15564 19431.652 0.2692441 0.078012876 -5.2887526 2200.0 382.03827 idm38
9707.147 893.4421 22624.69 0.42074057 -0.09540805 -0.71158653 3200.0 646.44354 idm39
8820.738 766.90735 18869.68 0.41726354 0.019674817 0.4901504 333.33334 55.108692 idm40
6843.155 737.4966 15460.122 0.5558544 0.0 0.0 4000.0 537.82574 idm41
8795.476 901.86926 21314.64 0.63349897 0.14559679 3.7650747 0.0 0.0 idm42
10127.532 663.006 22130.547 0.75409585 -5.58222504 3.84154 4266.6665 461.5095 idm43
9248.484 733.4945 23086.576 0.49074033 -0.15568727 -10.284358 4600.0 400.64374 idm44
4046.0786 644.30615 8892.315 0.2677176 0.058384098 0.58615226 3000.0 655.8347 idm45
10233.133 817.283 19028.89 0.2451378 0.32848144 -0.3497665 133.33333 179.56764 idm46
7237.7905 778.1984 17726.807 0.26117918 -0.058399454 0.58907473 2533.3333 785.86646 idm47
6667.6978 1012.13934 17594.354 0.47115725 0.018704725 2.9205942 3600.0 530.85974 idm48
9349.411 822.1102 23067.824 0.4245262 -0.14000362 15.971725 3600.0 588.0325 idm49
8415.652 806.4476 23296.615 0.41634575 0.04731248 -0.8017193 2866.6667 712.3366 idm50
12351.392 730.3765 24590.807 0.21417207 -0.03715958 0.036497183 4466.6665 421.57117 idm51
10089.845 912.61487 19611.387 0.1889924 0.030336572 -0.59708416 2866.6667 905.23175 idm52
6350.8022 789.66864 14346.138 0.27522138 -0.062459238 -4.8184247 66.666664 470.5911 idm53
8630.621 829.4602 17108.197 0.16112839 0.001325661 -0.25876904 2466.6667 949.23175 idm54
4852.025 863.2036 10597.992 0.25741845 -0.08829437 1.2570754 2200.0 958.31335 idm55
6423.7563 745.27637 13691.708 0.285326 -0.09637652 -0.7282117 3333.3333 757.8477 idm56
10629.976 893.5302 20890.438 0.16411096 0.030327184 -1.4596884 66.666664 321.98337 idm57
7968.9814 764.6663 18549.06 0.17239475 -0.024579296 5.5499725 1066.6666 1081.5339 idm58
6169.3936 700.2926 12489.168 0.22979516 -0.02165165 0.3638752 2266.6667 770.90247 idm59
10670.017 966.4139 21466.473 0.21776599 -0.0364037 -3.6733615 466.66666 266.77148 idm60
8506.836 942.0364 17541.352 0.21125805 0.024788756 14.543077 2333.3333 981.43005 idm61
9230.895 902.3225 17188.924 0.17147344 0.045199603 0.8018746 66.666664 848.30237 idm62
8479.948 948.6155 19827.234 0.15153252 0.027347326 -10.781469 66.666664 198.14362 idm63
9589.435 848.2757 17858.002 0.16888535 0.022067657 -7.0637345 0.0 0.0 idm64
5846.6997 841.7067 14171.315 0.23541124 -0.22241107 2.1227462 1800.0 1119.7178 idm65
11426.849 823.6841 21303.537 0.24298175 0.041184448 -1.0039434 200.0 479.87906 idm66
11499.642 719.43634 25026.293 0.28947374 0.036956493 1.9463543 3666.6667 564.3997 idm67
9915.612 914.93964 20609.652 0.34070843 0.041101966 1.4564482 4466.6665 488.93484 idm68
8397.238 914.4836 18857.838 0.21818563 -0.062501825 -2.7723565 200.0 458.2071 idm69
5877.214 915.91437 13228.228 0.2705681 -0.034386247 0.030680375 2000.0 523.5326 idm70
7298.0894 807.0018 17566.383 0.24022605 -0.03826162 -0.18240821 2333.3333 922.0902 idm71
8348.795 808.29517 17538.793 0.2285996 -0.03886698 -1.8561504 1266.6666 621.00476 idm72
11370.674 802.83514 22591.582 0.29991832 0.06651512 4.6673336 66.666664 198.14362 idm73
8555.994 841.1081 20498.152 0.3802738 0.25278726 91.235 2000.0 1113.7838 idm74
8522.454 745.7866 19970.723 0.1987918 0.008126656 3.7812684 2666.6667 789.22046 idm75
11503.184 770.1369 23915.627 0.36616522 0.07366459 2.6265635 66.666664 198.14362 idm76
10769.608 781.4201 21502.766 0.33166972 -0.002101087 3.493256 1400.0 456.1431 idm77
3922.1384 673.23663 8672.094 0.19147494 -0.033272363 -0.16162978 3733.3333 558.5689 idm78
11402.327 666.84607 24860.105 0.37182796 0.03999186 0.78941804 5933.3335 346.14688 idm79
8427.298 858.5304 16903.115 0.37813115 0.016584735 0.90181875 66.666664 647.06274 idm80
11583.808 746.53375 23148.104 0.30831707 -0.0400689 -0.0032925499 133.33333 136.22374 idm81
9707.884 483.40482 21321.842 0.30841777 0.07504815 -6.645514 3466.6667 601.91284 idm82
6661.2036 895.50037 15084.659 0.33732808 -0.075182706 10.802302 0.0 0.0 idm83
11560.732 608.0393 25086.428 0.3082047 -0.011233976 1.731745 3600.0 572.1913 idm84
15536.171 825.1373 31764.145 0.45077536 0.016025009 3.107163 3800.0 633.95636 idm85
11231.911 728.4083 24829.51 0.17093138 0.16201285 1.120327 0.0 0.0 idm86
10797.277 905.5736 23729.299 0.678871 -0.034956347 -6.4877353 2066.6667 1103.4639 idm87
9728.678 666.5634 22259.88 0.22125198 -0.06549101 -0.8460012 2333.3333 1088.603 idm88
9200.424 1075.0548 19635.389 0.15303713 0.0025483118 -1.388383 66.666664 318.8874 idm89
9235.816 894.2789 19607.215 0.23871402 0.09460049 -2.2334712 0.0 0.0 idm90
7798.263 887.0158 17981.75 0.32021013 -0.028073166 -8.575993 1600.0 903.7722 idm91
8266.118 834.0351 21658.455 0.6069353 0.24965133 0.18590732 3000.0 693.55426 idm92
9933.208 905.9757 22971.285 0.31885713 0.016761417 -0.4884404 66.666664 157.89569 idm93
3828.9272 782.09735 7679.817 0.31927246 -0.024996674 -8.371117 1866.6666 1094.4338 idm94
5269.138 630.27985 13716.583 0.41425133 -0.026264085 1.6965032 3066.6667 636.12354 idm95
7587.8555 740.4214 17169.992 0.4007494 0.08756599 1.9815975 5466.6665 372.61392 idm96
8857.2705 486.9415 19820.932 0.32417342 0.10663587 -1.8280742 3000.0 648.8687 idm97
10815.806 777.74445 25630.365 0.43375656 -0.05643948 -10.1135 2133.3333 972.9161 idm98
6565.956 1248.2781 14882.494 0.46152887 -0.051538907 12.040353 0.0 0.0 idm99
10189.92 626.93256 20529.555 0.48604748 0.2179241 -5.228565 5066.6665 411.664 dnb0
9572.791 898.6401 21679.293 0.2950619 -0.03997918 0.60005474 2933.3333 658.9307 dnb1
7431.478 838.01514 17675.643 0.38824946 -0.0269272 2.4256039 4800.0 451.92667 dnb2
7464.7197 656.12024 17948.148 0.33767995 -0.00208188 -0.48759437 4866.6665 409.20932 dnb3
10278.828 662.29333 20902.684 0.35762715 0.0036168937 -1.0239625 5000.0 419.7357 dnb4
9659.61 894.82983 20463.654 0.35313892 -0.16321737 0.30616924 200.0 185.75964 dnb5
10583.936 585.3319 21999.465 0.31818968 0.06785076 -0.183637 7600.0 267.88333 dnb6
9561.985 704.9843 19680.002 0.26796833 0.041274477 -0.8974803 2266.6667 986.8481 dnb7
9848.493 1102.6906 22194.99 0.5400428 0.18117231 1.8714551 0.0 0.0 dnb8
8770.564 758.08954 18483.092 0.322345 -0.001698701 1.573388 2466.6667 745.8765 dnb9
8571.642 1071.7385 19104.527 0.35114142 -0.16117275 -1.8533788 3133.3333 533.49133 dnb10
9966.308 938.59 20207.363 0.54781026 -0.008369286 -1.3739355 2733.3333 820.1804 dnb11
6737.989 777.0678 14795.127 0.3316031 0.16415611 -5.6651464 133.33333 117.64777 dnb12
9159.495 989.9188 18943.701 0.3246282 0.10648324 -1.733004 0.0 0.0 dnb13
13245.23 939.0275 28914.18 0.2752055 0.0010610954 -0.42677537 133.33333 458.2071 dnb14
10146.035 789.9082 21409.387 0.26410505 -0.049484137 0.27406722 133.33333 390.09525 dnb15
10579.299 981.00775 21047.473 0.39289454 -0.078286484 0.599195 2000.0 1016.776 dnb16
7917.0493 745.85223 17669.227 0.26401845 0.039556973 -0.031003583 1600.0 1203.8257 dnb17
9572.602 924.7312 18867.281 0.24894771 0.038794015 1.506289 0.0 0.0 dnb18
9141.811 971.2776 20190.271 0.3609802 0.06430869 1.0411133 1866.6666 1120.7498 dnb19
9937.977 1001.0366 20166.338 0.48298788 -0.014253292 0.09666744 3133.3333 737.053 dnb20
11332.847 845.6907 23062.867 0.30147833 0.16741551 1.1324537 333.33334 560.3749 dnb21
8706.718 701.1804 19110.0 0.4946476 -0.27701646 0.12828864 2733.3333 767.4453 dnb22
8804.032 813.5653 17326.984 0.24304223 0.028786505 0.42444572 1200.0 1478.3372 dnb23
8183.6953 906.9387 18393.191 0.2862156 0.03087615 1.2568399 3000.0 692.47064 dnb24
11061.105 910.8214 23966.32 0.39893016 -0.07832203 -3.354094 2866.6667 732.97656 dnb25
8929.358 880.0453 19788.61 0.46796504 -0.0077815116 0.5512634 8333.333 238.52913 dnb26
8318.453 969.0576 18551.371 0.23587775 -0.003953569 -1.6980407 3266.6667 564.0901 dnb27
9181.773 890.97766 18140.96 0.31799033 0.031674217 -0.77421176 66.666664 331.27136 dnb28
8570.179 887.4694 17683.0 0.3608194 -0.06526958 0.40092784 3933.3333 595.41125 dnb29
7335.6226 760.67236 16430.55 0.24215584 -0.06637598 -0.18933356 2466.6667 837.4664 dnb30
10901.3545 699.1001 22003.076 0.3533853 -0.045791883 0.32059065 5800.0 359.1869 dnb31
10035.613 693.7757 21089.418 0.3741764 0.01961609 1.0361527 4466.6665 469.0652 dnb32
7781.2734 586.63275 16893.56 0.28120384 -0.09934373 0.5349233 4200.0 482.66547 dnb33
9344.345 1045.0044 18038.186 0.24704646 7.39500304 0.11703432 1400.0 990.7181 dnb34
9173.463 677.4405 21143.586 0.2664442 -0.05026213 -0.898519 2466.6667 826.1144 dnb35
9187.05 730.60425 19162.219 0.40240288 0.038603578 3.0712051 3133.3333 629.7768 dnb36
9161.363 987.0202 20894.25 0.394884 0.049146533 0.16217929 266.66666 399.3832 dnb37
7595.8125 664.5554 16158.65 0.57017505 -0.04030911 -0.40968543 3066.6667 641.9028 dnb38
7714.2417 754.1065 15647.394 0.43237737 0.028199635 2.3146453 5133.3335 404.28522 dnb39
8732.256 507.50223 16807.361 0.42903855 -0.022009842 -0.1930424 2933.3333 677.50665 dnb40
9364.963 894.6246 18234.338 0.37390682 -0.0109429415 0.4561967 133.33333 134.67574 dnb41
10670.134 951.638 20915.088 0.23721157 -0.008501176 0.028644629 800.0 334.36734 dnb42
10800.967 899.6419 23252.182 0.38891476 0.008786455 -0.2689111 1866.6666 1066.054 dnb43
9626.628 981.8564 23160.574 0.28290135 0.016230477 -0.011580852 1266.6666 630.0348 dnb44
9887.063 816.8272 21296.922 0.38369033 -0.07209222 -0.028604606 2333.3333 978.5921 dnb45
10281.785 959.412 22921.176 0.32479662 0.035004314 -1.6462473 1733.3334 1176.4777 dnb46
11446.836 907.6164 23122.959 0.49322608 0.01078911 1.5409789 2400.0 831.53235 dnb47
8706.138 801.6942 21579.5 0.20027879 -0.009675613 0.31674322 533.3333 650.15875 dnb48
10189.369 890.9898 21629.004 0.4907649 -0.033548474 0.25631034 266.66666 160.99168 dnb49
6622.859 684.4022 12807.747 0.2249648 0.16032405 0.011317076 600.0 273.37625 dnb50
5682.4673 786.9888 14151.15 0.2500167 -0.20406957 0.8525292 3933.3333 521.5718 dnb51
8661.61 599.03406 20377.834 0.28768215 0.0017819112 -0.052932296 3200.0 313.4694 dnb52
7706.283 656.344 18311.162 0.4950688 0.14017153 0.7900261 4466.6665 460.2195 dnb53
8437.894 800.4132 17429.334 0.27517208 0.09296731 -0.6471999 3466.6667 575.95807 dnb54
9398.713 940.403 20236.254 0.31962493 -0.08783385 -2.4707534 2400.0 856.81635 dnb55
10183.555 753.1514 22917.025 0.38541326 -0.023444833 -0.19716026 3866.6667 521.36536 dnb56
9274.523 815.00604 19494.883 0.3218944 0.073569395 -0.9633447 2733.3333 736.0726 dnb57
9512.712 741.46936 21014.5 0.32472956 0.07030243 -7.0970807 3200.0 712.2334 dnb58
9652.445 589.2284 21910.482 0.35096 -0.087416545 -6.552688 4866.6665 430.16626 dnb59
8406.853 731.80273 21499.2 0.32061246 -0.082671665 0.09744004 3200.0 623.0688 dnb60
8435.353 919.9155 17798.47 0.37419567 -3.096486304 0.0037048426 3266.6667 702.94543 dnb61
10458.961 672.6447 20625.018 0.34834826 -0.04265357 2.738969 4533.3335 439.78595 dnb62
8833.536 703.1845 17368.367 0.522922 -0.12003208 0.29634976 4600.0 422.75797 dnb63
8725.412 896.74976 21906.715 0.54059434 0.048619773 1.7827042 2000.0 1046.9619 dnb64
8087.374 586.44476 18466.875 0.54257756 0.68114066 2.6798337 6533.3335 308.91263 dnb65
8868.289 784.10565 17634.324 0.2860034 0.08883688 -1.5195366 0.0 0.0 dnb66
7367.689 1099.894 16144.99 0.28772375 0.029550573 1.1324223 66.666664 1003.10205 dnb67
8236.178 811.29614 16907.11 0.20337579 0.12037735 -0.27589616 266.66666 506.195 dnb68
9456.879 904.38635 18758.941 0.23331654 0.0045564524 -5.65810904 133.33333 100.619804 dnb69
9670.715 944.44946 19499.662 0.4073643 -0.024795556 1.7891474 1600.0 986.5901 dnb70
10785.266 875.50006 23260.367 0.4398273 0.018444607 -2.4138293 4866.6665 422.27145 dnb71
10592.23 895.7986 21989.326 0.29497918 0.01751011 0.93060803 1333.3334 129.56735 dnb72
8969.931 886.60175 17535.205 0.42382407 -0.0138434535 3.533704 3066.6667 741.33575 dnb73
10156.119 759.09717 24769.016 0.3900969 0.04749685 -0.9710758 5600.0 355.82553 dnb74
15126.015 852.6977 30416.367 0.17853709 -0.035504565 -0.5726563 266.66666 679.5707 dnb75
12353.426 1094.8403 28039.035 0.21829428 -0.08657136 -2.847918 0.0 0.0 dnb76
9611.673 805.764 18244.635 0.42214054 0.12630315 -0.8741882 4066.6667 495.92664 dnb77
10716.721 810.4271 22486.742 0.3206148 0.14428248 -0.8001461 533.3333 735.2986 dnb78
8437.059 917.4822 18927.191 0.5835822 -0.0015151757 0.01882207 2333.3333 703.82263 dnb79
9827.253 712.80756 21944.914 0.4059308 -0.29266265 0.9314379 4933.3335 474.80753 dnb80
10528.823 779.09424 21976.541 0.44598028 -0.3169528 -3.4221272 5000.0 403.15002 dnb81
9830.829 873.6852 20050.148 0.41044486 -0.24687049 4.21705 3000.0 707.125 dnb82
8374.859 864.2738 16331.634 0.33062217 -0.14660741 -4.1980457 4133.3335 493.47195 dnb83
8351.068 804.6465 18623.283 0.35812572 -0.103072174 0.59972525 4066.6667 498.04224 dnb84
9708.605 669.72174 18510.166 0.15626031 -0.0010697647 0.11290523 866.6667 416.9272 dnb85
7454.4795 915.9052 16811.264 0.4211577 -0.10848644 0.5645696 4933.3335 405.6784 dnb86
9262.619 758.2034 20338.559 0.37626296 0.060312927 -1.0150493 3600.0 610.9428 dnb87
9388.787 833.4212 19033.982 0.27966732 -0.2165427 -1.6714603 2533.3333 733.441 dnb88
12776.749 832.7872 27822.918 0.45549464 0.046044566 0.31987458 5200.0 392.41724 dnb89
8274.716 869.9238 15715.964 0.3471865 0.07912677 -0.7130445 2533.3333 840.5624 dnb90
8310.839 853.91565 15799.876 0.27426994 0.019226758 0.56525105 133.33333 486.07104 dnb91
9525.376 905.88196 19140.213 0.243825 0.036207534 1.430315 2400.0 854.3911 dnb92
9486.253 734.54706 19901.951 0.27973005 0.06155122 1.2294351 0.0 0.0 dnb93
9271.608 758.6909 19227.086 0.38488856 -0.029790755 -0.8397172 1533.3334 1414.8693 dnb94
8736.63 693.3063 19401.482 0.2283748 -0.050828982 0.48879483 3600.0 522.6554 dnb95
8172.4214 638.58 19725.043 0.30646646 -0.0012148613 -3.0274239 3066.6667 714.7102 dnb96
11166.015 780.18506 24708.768 0.35873082 0.058266357 2.4967315 466.66666 268.3195 dnb97
8717.422 728.35864 20270.012 0.2602476 0.04475476 1.7182775 3466.6667 658.77594 dnb98
9012.948 660.561 18074.477 0.37150088 -0.04216715 1.0969194 5666.6665 348.29932 dnb99
8674.076 732.0888 22325.266 0.38186967 -0.14306441 30.152075 3000.0 703.92584 downtempo0
5447.1074 900.20215 11756.546 0.41783652 0.33909988 -2.815319 2266.6667 881.3263 downtempo1
6810.508 896.4208 16434.186 0.2937683 0.021289023 2.0790844 200.0 92.87982 downtempo2
5210.684 757.5618 11374.825 0.2618431 0.032362394 -0.80123496 2400.0 850.8823 downtempo3
7445.865 694.78424 20723.129 0.2952053 0.081794396 0.47934502 1533.3334 1492.269 downtempo4
5432.2114 730.19824 9413.15 0.31343588 -0.0021068892 -0.8003354 0.0 0.0 downtempo5
8474.447 636.9268 20629.303 0.3200629 -0.062712535 -1.6281698 1933.3334 1078.9539 downtempo6
13135.3 706.77765 27923.496 0.2932007 -0.22109409 -0.01562637 1533.3334 1364.3014 downtempo7
7235.4956 906.483 15990.624 0.34438613 0.047213428 0.8872322 2400.0 950.47015 downtempo8
5390.222 1003.349 11848.689 0.34778616 0.03016589 11.925755 0.0 0.0 downtempo9
7066.038 907.1223 15156.167 0.28646904 0.033565752 0.52310824 0.0 0.0 downtempo10
3806.095 661.8484 8935.786 0.3675601 0.019931488 8.507955 2733.3333 762.9561 downtempo11
4336.1313 834.9903 8455.057 0.30547783 -0.7516515 -25.071218 866.6667 663.8327 downtempo12
5112.247 871.24365 11495.882 0.31284407 0.043274153 2.6969566 600.0 293.60342 downtempo13
6471.9893 690.91 15865.171 0.32167503 0.087413624 -0.85019803 1066.6666 688.85864 downtempo14
7153.4736 714.50476 16753.998 0.28651273 -0.047846157 -1.082754 3200.0 650.41675 downtempo15
6397.4546 593.0205 14230.173 0.2526566 0.088684455 5.2907424 4133.3335 480.75626 downtempo16
6942.6963 633.43146 16833.379 0.22320548 0.13576645 1.6850204 4000.0 522.6554 downtempo17
5495.762 734.68024 11908.96 0.3227934 -0.019681396 6.5124936 2866.6667 680.60266 downtempo18
6013.558 951.035 14183.809 0.36863568 0.14111468 -0.47500366 400.0 356.0393 downtempo19
3845.1165 873.687 8132.328 0.31359208 0.008692452 -0.48134625 0.0 0.0 downtempo20
6162.3164 934.3695 12021.022 0.2974553 -0.25195047 -0.71879816 2600.0 811.92444 downtempo21
6842.412 805.7643 15421.945 0.32263517 0.09544332 -5.0296707 2533.3333 832.8224 downtempo22
3690.4023 885.15765 7403.878 0.37030908 0.0608604 5.254961 1666.6666 1227.5616 downtempo23
5920.9546 1032.0928 13642.271 0.20619375 0.09780648 -1.977496 600.0 846.23834 downtempo24
6418.365 1098.0052 14539.421 0.3115129 -0.09318721 1.1292733 66.666664 269.35147 downtempo25
6916.073 806.2809 14762.334 0.16259867 -0.012215883 -0.16657306 66.666664 160.99168 downtempo26
6263.0894 899.8817 12974.988 0.22985399 -0.08189414 1.5456591 0.0 0.0 downtempo27
2982.152 729.9824 6715.533 0.25462684 -0.044419017 0.24779835 2733.3333 745.6185 downtempo28
3401.8752 642.3066 6920.794 0.14860964 0.09665042 -2.2386258 200.0 538.70294 downtempo29
6057.3613 834.8048 15279.558 0.18213357 -0.024486944 1.2288114 1733.3334 1263.6815 downtempo30
4906.793 956.3282 11212.8545 0.31317976 0.026158046 -0.12989265 1800.0 1123.8458 downtempo31
7635.547 844.33 17179.795 0.24032328 0.20999135 -12.958773 0.0 0.0 downtempo32
6878.528 760.5464 16568.791 0.35347232 0.0074561443 2.2501929 3533.3333 569.5597 downtempo33
4686.8335 674.4322 9787.716 0.40378073 -0.16933684 -6.9728165 333.33334 515.483 downtempo34
4236.043 830.88074 9046.256 0.29716697 0.004764196 1.3790414 2800.0 803.7716 downtempo35
6175.1265 708.6999 14636.343 0.36062944 -0.02777343 0.023534536 3933.3333 529.44446 downtempo36
7297.5146 640.5296 16530.547 0.33491647 -0.028800389 -6.244391 3333.3333 602.9448 downtempo37
7196.5957 774.79395 17587.4 0.34231228 -0.011803726 -1.2301629 2266.6667 916.4142 downtempo38
6004.6353 699.8066 12954.756 0.34416652 0.08332262 2.6513362 3466.6667 595.15326 downtempo39
5938.887 590.3601 11720.68 0.1823575 0.023329876 1.0097454 4333.3335 559.7041 downtempo40
5446.4204 946.39923 12777.13 0.3372499 0.0074709062 -4.2437835 1866.6666 1028.386 downtempo41
4374.8657 854.62146 8839.8955 0.40071702 0.11267978 8.452378 2466.6667 939.73737 downtempo42
4119.218 778.54865 8213.123 0.43207163 5.66306904 -3.722704 2200.0 429.00156 downtempo43
8373.435 676.6086 18835.271 0.20005828 -0.047517866 -3.161051 2733.3333 752.06854 downtempo44
7290.1953 873.0901 16660.172 0.40066758 -0.08957336 -1.1828549 2133.3333 1146.5498 downtempo45
3961.5698 903.89874 9346.846 0.43584225 -0.18656664 9.475674 2866.6667 707.2282 downtempo46
5108.57 664.87164 11805.69 0.4178576 0.04990326 1.1369382 3466.6667 627.98553 downtempo47
6249.9756 808.41754 13329.412 0.36413902 0.053446557 0.4425292 1533.3334 1195.5697 downtempo48
7582.0 752.1451 17608.62 0.36636582 -0.08739382 0.14239332 2800.0 720.2314 downtempo49
4139.5 753.1094 9581.647 0.25027758 -0.009006009 4.256866 1866.6666 759.55054 downtempo50
3228.1047 848.82135 7009.7305 0.26969853 -0.08894143 2.7571049 66.666664 256.9675 downtempo51
7164.9805 696.4298 19396.078 0.35667157 -0.011655685 8.34377 2866.6667 726.7846 downtempo52
4488.7334 760.8905 9695.976 0.49298304 0.07150804 -0.13241442 3733.3333 560.3749 downtempo53
4799.907 749.86664 10986.15 0.25736704 0.021945363 0.657304 2466.6667 818.3744 downtempo54
7868.9126 791.07996 18657.848 0.3385304 0.0046102437 8.3484745 2866.6667 783.2865 downtempo55
6849.5767 812.89044 17681.43 0.44858292 -0.002643103 -23.560251 3800.0 537.2582 downtempo56
6230.428 905.79865 14141.303 0.36071506 0.03095018 0.19094718 1800.0 1276.5815 downtempo57
5393.0854 768.8718 11181.878 0.24528958 0.38032708 -0.42343804 200.0 218.26758 downtempo58
5391.4297 757.5608 11427.491 0.24683051 0.18506297 5.650201 3933.3333 510.6842 downtempo59
4827.978 796.0006 10377.321 0.29150602 0.07288098 -6.2995734 2266.6667 921.5742 downtempo60
6281.682 652.74744 15547.107 0.25698456 -0.145373 1.4641823 5600.0 360.07147 downtempo61
6011.97 852.88776 12994.84 0.27851808 -0.047256455 0.7804026 2266.6667 518.1367 downtempo62
5913.2637 844.0464 13140.771 0.1446968 0.008733454 0.18850593 266.66666 953.56616 downtempo63
6702.283 700.29785 14785.55 0.20342618 -0.020262191 -1.2989178 1466.6666 1303.9294 downtempo64
7652.6704 838.769 16664.95 0.18335027 0.032403354 -0.61272144 66.666664 365.3273 downtempo65
6709.052 875.28656 16380.128 0.33955672 0.076749235 1.7816534 1600.0 698.1466 downtempo66
7525.1816 956.2571 18942.58 0.3543456 0.036305387 1.8831769 2400.0 907.3842 downtempo67
7128.318 870.47815 15359.387 0.43142217 0.04384424 -0.18204165 66.666664 275.54346 downtempo68
7984.7285 825.5418 16309.36 0.36506194 -0.47044805 2.2167163 2200.0 918.7362 downtempo69
6450.538 836.9033 12991.206 0.36414263 0.011684348 -2.731535 800.0 713.1106 downtempo70
5819.319 1015.9024 11196.728 0.42199042 -0.2104663 -3.815436 466.66666 213.62358 downtempo71
6678.223 994.58044 14262.45 0.27289802 -0.43343192 9.363502 1000.0 273.99545 downtempo72
5694.164 1005.1849 12873.334 0.33078253 0.014177058 -0.8314157 1800.0 782.51245 downtempo73
5111.097 994.70245 10666.809 0.4040231 -0.015387589 0.11326556 1466.6666 813.7304 downtempo74
8852.46 1063.9427 19873.486 0.41078284 -0.0166618 0.46794346 2800.0 835.40234 downtempo75
7860.841 1326.1523 15514.942 0.36106992 0.003518792 0.42974448 333.33334 540.2509 downtempo76
6050.56 927.0935 12523.98 0.34440964 0.042590283 1.3721727 1733.3334 823.0184 downtempo77
7968.1943 725.9704 18160.7 0.24494085 0.016199868 -0.5117242 3000.0 668.2187 downtempo78
6407.2783 873.55 14266.622 0.31636035 0.027000869 1.9416996 3133.3333 661.0979 downtempo79
6950.914 980.7926 15339.469 0.33084366 -0.009305304 1.2858596 2066.6667 989.17004 downtempo80
12194.715 901.4173 28295.1 0.3831415 0.0083552925 5.7177415 66.666664 185.75964 downtempo81
6897.715 655.0405 15162.516 0.36965245 -0.0036059888 0.08967521 533.3333 355.26532 downtempo82
7077.898 976.9996 16324.164 0.33633292 0.041573044 -0.42216128 1466.6666 1332.8254 downtempo83
9805.457 835.1855 25340.184 0.40110224 6.09134704 0.34827706 0.0 0.0 downtempo84
9892.824 1063.4131 22428.469 0.28102663 0.018517142 2.4632883 1200.0 1179.5737 downtempo85
10531.12 919.64 24586.096 0.3498653 -0.073183484 6.6052737 4466.6665 460.9935 downtempo86
9474.7705 1082.5663 23315.457 0.38960916 -0.08134978 -1.1486114 2200.0 1012.39 downtempo87
7647.896 779.75446 18222.025 0.40236086 0.022688484 -6.021888 4133.3335 502.37662 downtempo88
5118.1177 845.41534 12637.074 0.39734223 -0.027711412 1.7657889 3133.3333 679.8287 downtempo89
6974.3823 760.38354 15931.542 0.21545285 0.07894533 4.1098285 2733.3333 839.53033 downtempo90
7584.7485 970.325 17578.07 0.21344127 0.057962026 0.3287813 1600.0 1219.8217 downtempo91
5589.1763 838.4382 12950.786 0.31879002 0.013754052 -1.9294662 266.66666 251.80751 downtempo92
7607.2446 696.80536 17769.604 0.24449733 -0.046192292 -0.6162738 4000.0 513.1094 downtempo93
4363.7725 761.6479 9971.443 0.25222772 0.018627979 5.6185207 2400.0 797.73444 downtempo94
5569.3296 777.5119 12108.86 0.32513824 -0.07006015 -29.76293 2733.3333 791.0264 downtempo95
5119.368 887.4298 12704.993 0.22035207 -0.040997405 6.2610044 2533.3333 948.76733 downtempo96
4660.282 873.78613 11124.098 0.40963078 0.1099991 -6.0432925 866.6667 563.4709 downtempo97
5300.679 977.56104 11697.105 0.22960213 0.029687049 2.2584298 0.0 0.0 downtempo98
3734.907 800.5211 8740.439 0.3566211 -0.06459691 -0.09640139 3066.6667 706.29944 downtempo99
